GOMFID	Pvalue	OddsRatio	ExpCount	Count	Size	Term
GO:0005515	1.99777199884196e-45	16.3433217335151	192.062458631687	295	10431	protein binding
GO:0005488	2.20418398940616e-18	14.8949724770642	256.433118719538	302	13927	binding
GO:0003677	2.6143375856267e-06	1.94111288224409	45.0926048498706	76	2449	DNA binding
GO:0070026	0.000337938462119365	Inf	0.0368253204163909	2	2	nitric oxide binding
