GOBPID	Pvalue	OddsRatio	ExpCount	Count	Size	Term
GO:0021563	0.000556155236047476	156.771428571429	0.0217706821480406	2	5	glossopharyngeal nerve development
GO:0043266	0.000610570735948481	12.6842105263158	0.34833091436865	4	80	regulation of potassium ion transport
GO:0070208	0.000822544142674421	58.7714285714286	0.0435413642960813	2	10	protein heterotrimerization
