GOMFID	Pvalue	OddsRatio	ExpCount	Count	Size	Term
GO:0005515	2.12330808343589e-07	8.04509973980919	36.403995426921	54	10431	protein binding
GO:0035091	0.000558011483036892	8.21607788036933	0.673566399903725	5	193	phosphatidylinositol binding
