GOMFID	Pvalue	OddsRatio	ExpCount	Count	Size	Term
GO:0005515	9.15337012056456e-12	9.91861229223038	55.2336482339491	83	10431	protein binding
GO:0005488	3.05426189807518e-06	16.9159682080925	73.7454720500632	87	13927	binding
