GOCCID	Pvalue	OddsRatio	ExpCount	Count	Size	Term
GO:0005829	0.00054711182494907	2.68769637704392	11.1449805754181	23	3142	cytosol
GO:0005832	0.00054711182494907	82.8618266978923	0.0319238781600135	2	9	chaperonin-containing T-complex
GO:0002199	0.00054711182494907	72.5	0.0354709757333483	2	10	zona pellucida receptor complex
