GOMFID	Pvalue	OddsRatio	ExpCount	Count	Size	Term
GO:0005515	4.43563514954651e-11	13.92883569797	45.818821830435	70	10431	protein binding
GO:0005488	3.67712532794516e-05	13.9842656080837	61.1752211324388	72	13927	binding
