GOMFID	Pvalue	OddsRatio	ExpCount	Count	Size	Term
GO:0005515	7.23690124386541e-31	8.3481183235676	166.956254888982	248	10431	protein binding
GO:0005488	3.25668393811144e-11	5.60457611964561	222.912449605873	257	13927	binding
GO:0051400	0.00031711389306266	31.0779467680608	0.144051988687647	3	9	BH domain binding
