GOBPID	Pvalue	OddsRatio	ExpCount	Count	Size	Term
GO:0044238	0.000685324338993296	3.0061673367657	37.6626753749395	51	10045	primary metabolic process
GO:0035176	0.000685324338993296	19.4296413086322	0.172472181906144	3	46	social behavior
GO:0051703	0.000685324338993296	19.4296413086322	0.172472181906144	3	46	intraspecies interaction between organisms
GO:0071704	0.000685324338993296	2.76187876439717	38.8999758103532	51	10375	organic substance metabolic process
