GOMFID	Pvalue	OddsRatio	ExpCount	Count	Size	Term
GO:0005515	1.95138334218722e-10	33.3948915662651	35.7763403333534	56	10431	protein binding
GO:0005488	0.000499744998163815	10.8641049671978	47.7669534869727	56	13927	binding
