GOCCID	Pvalue	OddsRatio	ExpCount	Count	Size	Term
GO:0044424	0.000389042242186655	4.17313971860658	51.1273013906875	63	13354	intracellular part
GO:0005622	0.000660762075617198	3.7523655835106	52.4366871234728	63	13696	intracellular
