GOMFID	Pvalue	OddsRatio	ExpCount	Count	Size	Term
GO:0005515	2.84756972935843e-08	8.79425376012341	39.542270894759	59	10431	protein binding
GO:0035251	0.000500504421542817	77.5128805620609	0.0341175762681268	2	9	UDP-glucosyltransferase activity
