GOCCID	Pvalue	OddsRatio	ExpCount	Count	Size	Term
GO:0005832	0.000358467491235377	103.224489795918	0.0258431394628681	2	9	chaperonin-containing T-complex
GO:0002199	0.000358467491235377	90.3163265306122	0.0287145994031868	2	10	zona pellucida receptor complex
