GOCCID	Pvalue	OddsRatio	ExpCount	Count	Size	Term
GO:0043228	0.000151984090696444	3.27027655124332	9.89944259895276	22	3663	non-membrane-bounded organelle
GO:0043232	0.000151984090696444	3.27027655124332	9.89944259895276	22	3663	intracellular non-membrane-bounded organelle
GO:0005845	0.000637487361443619	69.9683794466403	0.0351331569168403	2	13	mRNA cap binding complex
GO:0034518	0.000637487361443619	64.1340579710145	0.0378357074489049	2	14	RNA cap binding complex
