GOMFID	Pvalue	OddsRatio	ExpCount	Count	Size	Term
GO:0005515	3.75028416435597e-16	Inf	49.5847523918407	79	10431	protein binding
GO:0005488	1.66868954220019e-06	Inf	66.2033214994885	79	13927	binding
GO:0004035	0.000177394886104177	214.779220779221	0.0190143811300319	2	4	alkaline phosphatase activity
GO:0003677	0.000766181338238087	2.3894564833353	11.641554846862	23	2449	DNA binding
