GOMFID	Pvalue	OddsRatio	ExpCount	Count	Size	Term
GO:0005515	4.53540603281446e-09	29.2008283567713	31.3827546783802	49	10431	protein binding
GO:0005488	0.000143361695119899	Inf	41.9008363920814	50	13927	binding
