GOBPID	Pvalue	OddsRatio	ExpCount	Count	Size	Term
GO:0016567	0.000939046169531366	5.16991643454039	1.84397677793904	8	726	protein ubiquitination
GO:0031650	0.000939046169531366	74.9227272727273	0.0330188679245283	2	13	regulation of heat generation
GO:0032446	0.000939046169531366	4.54419008982904	2.08272859216255	8	820	protein modification by small protein conjugation
GO:0031649	0.000939046169531366	51.49375	0.0457184325108853	2	18	heat generation
