GOMFID	Pvalue	OddsRatio	ExpCount	Count	Size	Term
GO:0005515	5.18052369076630e-09	16.0954032957502	35.1486852397858	54	10431	protein binding
GO:0005488	0.000587092658877372	10.6693339100346	46.9289367591311	55	13927	binding
