GOMFID	Pvalue	OddsRatio	ExpCount	Count	Size	Term
GO:0005515	9.20433333718235e-15	25.4112700560603	54.6059931403815	85	10431	protein binding
GO:0005488	5.41338911362925e-06	16.720323676035	72.9074553222216	86	13927	binding
GO:0003676	7.81305580717336e-05	2.39603691361189	20.61531981467	37	3938	nucleic acid binding
