GOCCID	Pvalue	OddsRatio	ExpCount	Count	Size	Term
GO:0045095	5.19872601374409e-05	18.8840051457976	0.303699116040763	5	93	keratin filament
GO:0045111	0.000287924772530282	8.43128419697457	0.800067563763302	6	245	intermediate filament cytoskeleton
GO:0005882	0.000551026411800335	8.78914090726616	0.630257305331907	5	193	intermediate filament
GO:0005913	0.000810180327429241	18.1646655231561	0.18287258600304	3	56	cell-cell adherens junction
