GOMFID	Pvalue	OddsRatio	ExpCount	Count	Size	Term
GO:0005515	2.59051006377288e-06	5.46148162426112	38.2869607076238	55	10431	protein binding
GO:0005488	0.000261683129183326	11.6434701088916	51.1190203983393	60	13927	binding
