GOMFID	Pvalue	OddsRatio	ExpCount	Count	Size	Term
GO:0005515	7.19848522305e-21	24.6007954986418	79.084541789518	123	10431	protein binding
GO:0005488	1.26702826434839e-07	12.0828805332174	105.590107708045	124	13927	binding
GO:0003676	0.000130209780157524	2.06241380116412	29.8566700764186	49	3938	nucleic acid binding
GO:0003677	0.000544108479275117	2.06749359111301	18.5675431734761	33	2449	DNA binding
