GOBPID	Pvalue	OddsRatio	ExpCount	Count	Size	Term
GO:0022406	0.000185819679483552	21.3220779220779	0.214804063860668	4	74	membrane docking
GO:0048278	0.000845715184759054	18.5638418079096	0.179970972423803	3	62	vesicle docking
GO:0031629	0.000845715184759054	55.1003344481605	0.0435413642960813	2	15	synaptic vesicle fusion to presynaptic membrane
