GOMFID	Pvalue	OddsRatio	ExpCount	Count	Size	Term
GO:0005515	7.98219675847235e-09	15.7958180767007	34.5210301462182	53	10431	protein binding
GO:0005488	5.90715983188646e-05	Inf	46.0909200312895	55	13927	binding
