GOCCID	Pvalue	OddsRatio	ExpCount	Count	Size	Term
GO:0005634	0.000253844597607812	2.78631831377004	19.2502674398964	32	6704	nucleus
GO:0031519	0.000253844597607812	27.609375	0.123472777433703	3	43	PcG protein complex
