GOMFID	Pvalue	OddsRatio	ExpCount	Count	Size	Term
GO:0005515	1.12960246177768e-09	31.5967431104259	33.8933750526506	53	10431	protein binding
GO:0005488	0.000105801307520218	Inf	45.2529033034479	54	13927	binding
GO:0017022	0.000881834738615523	17.6577540106952	0.188458992719177	3	58	myosin binding
