GO	Term	1	2
GO:0005515	protein binding	1.09578382832425e-16	2.44944595396147e-11
GO:0005488	binding	8.00262451744102e-07	1.00149036158005e-05
GO:0016308	1-phosphatidylinositol-4-phosphate 5-kinase activity	NA	0.000922736465412438
