GOMFID	Pvalue	OddsRatio	ExpCount	Count	Size	Term
GO:0005515	2.44944595396147e-11	7.68494342906876	60.8825440760575	90	10431	protein binding
GO:0005488	1.00149036158005e-05	9.23763736263736	81.2876226006378	95	13927	binding
GO:0016308	0.000922736465412438	57.9508771929825	0.0466935435345087	2	8	1-phosphatidylinositol-4-phosphate 5-kinase activity
