GOMFID	Pvalue	OddsRatio	ExpCount	Count	Size	Term
GO:0005515	1.09578382832425e-16	28.1263422656477	60.2548889824899	94	10431	protein binding
GO:0005488	8.00262451744102e-07	18.4821428571429	80.4496058727962	95	13927	binding
