GOMFID	Pvalue	OddsRatio	ExpCount	Count	Size	Term
GO:0005515	2.55673610183306e-16	8.46201043823326	85.3610927251941	127	10431	protein binding
GO:0005488	2.73613689859374e-05	4.21806672948225	113.970274986461	130	13927	binding
GO:0051400	4.3435444418524e-05	61.9436090225564	0.0736506408327817	3	9	BH domain binding
