GOBPID	Pvalue	OddsRatio	ExpCount	Count	Size	Term
GO:0043124	0.000828803651205621	20.1397058823529	0.166545718432511	3	54	negative regulation of I-kappaB kinase/NF-kappaB signaling
GO:0016024	0.000828803651205621	61.1280148423006	0.0400943396226415	2	13	CDP-diacylglycerol biosynthetic process
GO:0046341	0.000828803651205621	56.030612244898	0.0431785195936139	2	14	CDP-diacylglycerol metabolic process
