GOCCID	Pvalue	OddsRatio	ExpCount	Count	Size	Term
GO:0005832	0.000372694205911785	101.154285714286	0.0263498676876302	2	9	chaperonin-containing T-complex
GO:0002199	0.000372694205911785	88.505	0.0292776307640336	2	10	zona pellucida receptor complex
