GOMFID	Pvalue	OddsRatio	ExpCount	Count	Size	Term
GO:0005515	1.32861603218892e-08	7.75409994211846	43.9358565497322	65	10431	protein binding
GO:0005488	6.02203168862265e-05	13.3986866791745	58.6611709489139	69	13927	binding
