GOMFID	Pvalue	OddsRatio	ExpCount	Count	Size	Term
GO:0005515	4.22197259443349e-23	10.966700215361	108.584331187195	164	10431	protein binding
GO:0005488	3.08439347406892e-10	11.076300550023	144.976893916601	170	13927	binding
