GOMFID	Pvalue	OddsRatio	ExpCount	Count	Size	Term
GO:0005515	1.80578836493765e-44	20.7612226816302	176.371081292497	273	10431	protein binding
GO:0005488	1.06040933221404e-16	13.6369230769231	235.482700523497	277	13927	binding
GO:0097153	0.000525554993291971	25.1762589928058	0.169083579036043	3	10	cysteine-type endopeptidase activity involved in apoptotic process
