GOMFID	Pvalue	OddsRatio	ExpCount	Count	Size	Term
GO:0005515	2.36078623073485e-09	30.997591290105	33.265719959083	52	10431	protein binding
GO:0032795	0.000112293464057786	324.78431372549	0.0127564835429328	2	4	heterotrimeric G-protein binding
GO:0005488	0.000112293464057786	Inf	44.4148865756062	53	13927	binding
GO:0004535	0.000645286819162144	64.9254901960784	0.0382694506287984	2	12	poly(A)-specific ribonuclease activity
