GOMFID	Pvalue	OddsRatio	ExpCount	Count	Size	Term
GO:0005515	1.38381277546074e-10	Inf	32.0104097719478	51	10431	protein binding
GO:0003676	0.00010652194306942	3.10970335567831	12.0848426499789	25	3938	nucleic acid binding
GO:0005488	0.000120069421400136	Inf	42.738853119923	51	13927	binding
