GOMFID	Pvalue	OddsRatio	ExpCount	Count	Size	Term
GO:0005515	7.53068307851788e-10	31.5967431104259	33.8933750526506	53	10431	protein binding
GO:0005488	0.000809572428625947	10.2798760271011	45.2529033034479	53	13927	binding
