GOCCID	Pvalue	OddsRatio	ExpCount	Count	Size	Term
GO:0005634	6.59982166067054e-05	3.66437241763182	16.9855300940262	31	6704	nucleus
GO:0000346	0.000721488128056636	74.8625792811839	0.0329373346095378	2	13	transcription export complex
GO:0005622	0.00083695490613957	6.39819087380063	34.7007488317099	43	13696	intracellular
