GOMFID	Pvalue	OddsRatio	ExpCount	Count	Size	Term
GO:0005515	6.1038697192468e-33	36.8154761904762	116.743847403574	183	10431	protein binding
GO:0005488	1.62433041551886e-13	36.2272594964343	155.871111378543	185	13927	binding
