GOBPID	Pvalue	OddsRatio	ExpCount	Count	Size	Term
GO:0009566	0.000726727338777611	12.6247104247104	0.358490566037736	4	152	fertilization
GO:0016973	0.000726727338777611	74.2567567567568	0.0330188679245283	2	14	poly(A)+ mRNA export from nucleus
GO:0048145	0.00094435449761271	17.3185654008439	0.193396226415094	3	82	regulation of fibroblast proliferation
