GOMFID	Pvalue	OddsRatio	ExpCount	Count	Size	Term
GO:0005515	1.35820981111305e-22	Inf	69.0420602924364	110	10431	protein binding
GO:0005488	5.05193946032444e-09	Inf	92.181840062579	110	13927	binding
GO:0070034	0.000640013402096848	76.412037037037	0.0397135808412058	2	6	telomeric RNA binding
