GOMFID	Pvalue	OddsRatio	ExpCount	Count	Size	Term
GO:0005515	2.79119908223537e-14	17.5410100228818	57.1166135146519	88	10431	protein binding
GO:0005488	2.77495395643049e-06	17.5030714750307	76.2595222335881	90	13927	binding
GO:0001102	0.000994942023045903	17.0402892561983	0.197123773993622	3	36	RNA polymerase II activating transcription factor binding
