GOCCID	Pvalue	OddsRatio	ExpCount	Count	Size	Term
GO:0035631	0.000808973168402462	72.8230452674897	0.0346827318281628	2	11	CD40 receptor complex
GO:0000151	0.000808973168402462	7.54858771702514	0.731490344012162	5	232	ubiquitin ligase complex
