GOMFID	Pvalue	OddsRatio	ExpCount	Count	Size	Term
GO:0005515	8.70433131315467e-10	12.5274884259259	41.4252361754618	63	10431	protein binding
GO:0005488	0.000794430478501016	6.20933419894684	55.3091040375474	64	13927	binding
